002753
003510
004043
004057
002480
001876
003837
002190
003821
000319
001314
002968
000955
001953
000418
001598
000320
004112
003475
001976
000251
004668
003531
001594
002967
004298
002392
004450
000457
000941
000351
003923
003913
004677
003364
002977
000388
003354
003457
001487
002900
000567
001815
002763
004362
002794
000475
001548
003071
001640
004682
004442
000356
003544
001423
003522
003273
000767
002491
003963
002144
004077
003553
000295
000176
004545
000243
004653
002970
001974
000113
002708
000247
002728
002240
000848
001472
000901
002117
003473
001230
002925
001283
004215
004196
003802
001776
004590
004504
003922
000226
002739
000296
002406
002175
004583
002402
000785
002444
003754
002123
000704
002861
004406
001787
001064
002152
002172
004540
003885
003450
001295
002237
003383
004228
004061
002996
000576
003590
000333
000817
001021
004304
000614
002704
003282
000471
001608
000112
000282
002289
002557
000040
003080
004493
000183
002136
000709
003271
003808
000799
000835
000600
002902
001211
001078
004148
000216
003359
001813
000354
000135
002072
002217
000746
003617
002752
000931
000736
001668
001809
002258
000545
002655
001330
002485
001305
001805
004560
004194
004151
004121
001385
003300
002981
002106
002777
001715
001157
002916
002198
000166
001052
002462
003241
004094
000930
000616
002805
004671
001679
002639
002748
002034
001405
003768
000452
000822
003586
002207
002206
004135
002129
004783
002145
003178
003025
001025
002191
003115
004601
003305
000747
003303
000432
003084
004417
002879
001383
003431
003704
002350
000357
001022
000034
003320
001622
001207
004193
002450
002353
000473
002197
002701
000074
002365
004073
002634
001934
004076
003764
002569
001667
003101
002148
004085
000466
003205
004460
003505
000436
001061
001808
000874
003134
001845
003000
000145
002828
001683
002745
000929
002986
003828
001745
004090
004216
002637
003725
004253
000934
000458
000084
002999
001307
001257
001788
002373
003356
001853
000224
002179
000720
001918
003234
002261
000883
002656
000086
003092
002718
002242
001786
003700
004318
003690
001907
002418
000537
000780
004168
004180
003668
004258
003479
002951
002275
002103
000394
002130
001495
001440
001096
002164
004382
000593
003547
004192
004567
004465
003195
004034
001924
000933
001996
003817
001402
003905
003299
002015
001943
004080
000927
001521
003724
001684
003494
000013
001728
003480
002825
002575
003351
000201
003202
003971
003791
003106
003135
003492
004740
001782
004089
003621
002325
001558
002933
001486
002669
001196
003589
000877
004617
004064
000943
004516
002962
004527
002424
001766
000844
000324
004095
004548
001981
003878
002653
004693
004042
002229
003931
003428
000019
003485
000140
003678
003527
004241
003015
000979
000764
001104
003146
004683
000679
003232
001970
002963
003716
000124
003805
000802
001602
003942
004183
002556
001871
002814
001987
004698
002460
002845
000223
002475
000513
001128
004288
003706
002411
001513
001213
003804
003069
004659
002952
003250
004341
000262
002665
004689
001270
003102
004137
004595
001555
004050
002982
003699
001354
002421
002523
003306
002886
003958
001700
004023
001324
002961
003842
001190
003344
001092
003052
002102
001220
002563
004358
001628
000414
004464
003535
004170
001119
003767
001356
003714
002973
000629
003592
002141
002683
003839
004587
003155
002550
001062
001054
002581
002681
004008
003040
002987
000881
003116
001894
003513
000011
003660
001309
000546
003827
004143
001072
000263
004049
004130
000815
000812
002118
004747
002659
000579
004767
002205
000547
000427
002420
001094
003455
004390
000087
002173
002324
002487
000072
003578
002505
000667
002306
004785
000266
000521
003759
001951
000948
003387
001362
001087
000089
000958
001461
003609
002347
002234
001267
003751
002532
004338
002147
001508
003933
002322
001520
004079
002358
001921
003014
000317
003066
002482
003137
000518
002381
002839
002169
001394
004283
002710
002405
004430
002957
002139
002328
000025
000982
001619
001117
004278
000597
000469
001713
003217
003214
001794
001829
002428
003122
000965
003657
001226
001979
000774
003967
003863
000491
003679
001609
003731
002740
002871
001197
001873
002722
001604
000803
000002
004424
001001
000056
000380
003034
003382
002824
003187
002437
004098
002199
002376
001857
003517
004369
002896
003537
000690
002431
002413
000325
000130
003604
001277
001816
003726
001611
004572
000952
000269
002111
002994
003506
004239
003486
003129
000301
000949
001768
004640
004745
003708
000371
001098
003864
002949
002592
002984
002279
003022
002333
004621
003081
004371
004275
000854
003638
001046
003177
000361
004581
000096
001039
002416
004274
004607
001153
001469
000916
004514
001709
002536
001250
002158
004483
003244
003499
001261
002016
002612
003168
003012
002691
004751
004333
003862
002788
003973
004729
001528
002826
003855
000885
002757
000587
001952
002920
004738
004154
000396
000862
002679
000307
003350
003170
004648
002448
004060
002385
000276
000210
003596
001140
000082
002877
003191
001861
003176
003497
002932
002726
003548
004145
002362
000646
001378
000244
004556
003561
003628
002513
004039
001647
002085
001796
002137
001371
002966
003394
004058
002936
002160
003520
000811
002368
001174
002092
002766
001807
002686
001216
003895
002073
001964
001315
002905
003088
003712
002820
004606
000879
000711
003166
003898
001485
000115
004006
004631
001233
001152
001954
000621
002035
001885
004625
002125
003637
003130
003543
002596
002795
000858
002518
003530
002705
004189
003983
003422
001746
001875
003836
004147
001541
003785
002361
004007
001375
003655
000248
000097
004339
004083
001670
003776
000633
001566
003979
003951
004118
004201
002738
001572
000155
000871
004346
003366
003339
002316
004295
004343
004452
000842
001148
000585
001432
001890
000174
000994
000684
000328
000022
000064
001795
000970
002466
002298
000329
000619
001192
002067
001854
003639
001595
003385
000111
003160
001912
000961
003825
001395
001449
000117
000290
001112
001224
004456
000093
001543
002372
000678
000503
004395
002295
000705
003185
003365
004212
001231
001933
002922
000676
003336
000798
001563
004779
000484
000179
000490
002453
002856
001393
001258
004211
004559
001620
003523
001769
004071
000256
001729
000426
004106
003641
004074
003489
003003
002829
000849
000399
000390
004523
002793
000281
002945
003921
000171
000800
000904
000030
004517
000685
002696
004632
001048
001223
002078
000273
000583
002817
003403
002297
000555
004152
000751
000903
001557
000575
004476
002025
002597
001016
002811
003154
001820
003889
004224
003270
001436
003395
003198
002425
003894
001146
003981
000231
003783
002901
003093
001446
000787
000805
001877
004724
001945
004610
002181
001433
004630
002026
000761
003733
003239
002445
001874
002241
000677
004468
001028
004310
001898
003901
000494
003806
001810
004667
003618
003275
003960
004303
000197
001276
000659
000079
000708
003651
002786
003846
003113
000701
002454
002283
000603
001740
002865
000173
003237
004675
000147
001042
004568
001785
001455
000919
001037
002047
000895
000108
003860
001617
000566
003502
004434
001737
002156
001392
004613
004428
001607
004053
001984
004319
002398
000039
000344
004380
001537
003924
001694
001503
002239
001079
003723
003436
003020
003882
002737
000945
002522
002866
002621
004265
003482
004104
003089
002302
000722
002918
002374
001361
004367
000052
001833
001332
004169
004206
003295
003729
004102
004078
001138
002570
003867
000573
004554
001266
001335
002870
002566
000050
002535
002468
003193
001891
000536
001380
001723
002498
000046
004233
000975
003528
002616
000655
002064
004252
004249
002246
003615
001415
000014
003721
001113
004713
000947
003054
004553
004492
000750
001304
003010
001396
002210
003677
004242
003777
003602
003332
003230
003526
001790
002914
004184
000363
004598
001059
002142
004696
000834
000759
001817
003145
001136
004040
004254
001099
002028
002549
000000
003140
004478
003890
003616
002934
002228
000272
002326
001137
000960
000315
003057
004359
003532
003099
003599
001761
003468
002694
004716
001017
004246
003371
004385
001509
002720
001481
001328
000693
001526
001539
002707
000652
001676
000556
004592
000589
004742
001940
000691
000379
000497
000886
000213
000104
001189
001101
004459
004657
001177
001412
000448
003852
004522
004547
000322
000277
000365
001470
002395
003415
001142
001846
001000
002551
001825
004787
004209
000470
001020
004251
001561
004723
001565
001884
002703
002955
002727
004563
002804
004235
000232
003228
003595
003065
003423
003845
000581
003940
004132
001437
002821
000683
002288
002388
004100
003707
004642
002997
004754
000969
003624
003978
002165
002489
003727
004412
000570
003670
002321
003985
001186
002427
001340
003342
003503
003784
003153
002819
001352
002007
002954
000200
000191
001430
000373
003709
000334
003259
000863
001568
004140
001695
000118
001132
003798
002965
000622
001567
000102
003484
004256
000620
002613
000116
002964
000569
001193
002512
003932
004491
004480
002923
001889
001027
002642
003477
000321
003853
003082
002153
000861
003970
002259
000107
003390
000669
000668
000647
001013
003664
001381
001379
001965
003591
004739
000801
004054
001779
001429
003680
001280
003626
001789
000781
000415
000430
003233
000286
004036
001977
004030
002670
003144
000204
002422
000656
002257
004138
001631
001076
001474
002574
001659
001102
002560
004749
001360
000463
004748
003661
000401
000788
003224
000925
001279
001716
003541
000623
002370
003908
004316
004688
000405
004150
002151
002178
000773
003444
003663
002105
003629
001417
001540
000208
002972
000456
002680
001657
000258
001255
002652
001431
003162
003875
004784
003263
004694
003546
002648
003567
004423
001239
004069
002235
001937
000131
003964
004644
003430
003330
001122
004780
000142
000038
004330
004205
002511
004611
003454
001656
000888
000058
002504
000297
000681
002403
004291
000959
000993
002942
001422
000989
002709
000193
002715
001249
003182
002186
002693
000358
003556
004579
002988
002045
003425
003204
003849
001419
000594
004482
002508
000808
002623
002008
003994
003719
004287
001811
004217
001867
004037
000674
000270
002230
002576
004276
004307
004512
004386
004375
002895
002467
002497
002939
000920
001302
000023
000314
002924
003766
001839
000395
003343
004271
001501
002244
001906
001753
000493
000696
003788
003245
002091
002627
001003
000850
001893
000398
002168
000742
003525
002868
000406
001179
002636
003341
004488
000337
001966
002476
000447
000682
001471
002440
000016
000080
002271
002287
001823
003085
000342
000793
000278
001256
003877
001554
002807
001542
000825
000132
003831
000036
000492
003223
002039
000048
001414
002733
003554
004186
000482
004481
002488
000997
001145
003352
003376
004347
002862
004680
000957
003296
003064
000837
000918
001727
000434
004786
000515
001253
001995
002690
001685
004225
003562
003551
000288
000043
001303
003737
000729
004379
004108
001516
003149
000094
000374
003673
003800
003075
000006
004414
002043
000254
003035
003820
004722
004557
003290
004160
000913
004418
000370
004048
002013
000777
002100
003937
002580
002632
004415
004501
000719
000081
004355
004734
001227
002956
004296
003934
002415
001616
001836
002265
000008
004400
000402
004056
004195
000287
003824
002263
001581
002714
001247
003218
000810
004743
000956
003576
004111
004655
002842
001068
001500
004624
003597
004695
003253
001882
004398
003573
000658
001660
001133
003904
000306
003439
001549
000552
000465
000090
002184
001044
002526
004247
002285
004495
002443
000391
002451
000553
004250
004290
000170
002662
001127
000937
000529
000504
001864
001522
002044
000049
003028
003328
001644
000449
003279
000091
001178
002810
001691
004376
004403
002124
003914
004129
000821
004025
002503
003375
003755
000657
000768
001372
002304
001610
004627
003765
001284
000744
000387
002647
000527
003045
001410
003795
004284
003944
004650
003459
003179
001073
002640
003119
001834
001902
000706
004404
002831
001162
003292
000818
003653
002539
000017
001194
004477
004374
001364
002012
000670
000563
004004
003838
001674
001985
003002
001334
000827
001551
003347
001992
003566
004299
002127
000076
003414
004757
003893
000752
003257
002840
004262
002558
003504
003701
002294
001664
001002
000330
002126
001265
004041
004730
004202
001479
001130
001218
002202
003813
004356
004162
003572
001601
001141
001026
001814
001627
000731
004166
000605
003286
002614
003026
003357
002131
001488
001165
000474
004626
000602
000393
004081
000946
002377
002386
004306
001254
003600
000628
003139
002083
000291
000299
000178
000441
004075
002675
003072
004119
000146
001724
002232
004525
001913
002713
001899
000590
000924
004115
004608
000766
001126
001803
001624
003169
001584
001143
001120
003321
002098
004001
001756
003103
003229
000853
004063
002590
001535
001743
004705
000763
002349
004210
002644
000884
004666
003772
000070
004573
001204
003584
003896
004199
002506
003053
001306
000574
003844
002796
001868
003990
000500
003925
001289
003886
002516
003665
003037
000558
001404
003007
002110
003818
003563
001278
000762
001086
001205
002515
000869
001946
000769
003411
004335
001327
003108
000037
004746
001053
000109
000660
004503
000756
003410
000741
000409
002029
000898
001201
004084
000926
001589
000836
004134
002823
002456
003984
002735
000819
004647
001792
004763
003539
002281
001959
003091
002340
000400
002993
003180
000235
004710
004714
001950
004498
001935
003650
000748
002108
004352
001228
003850
001606
001424
003698
001191
002087
002062
000738
001285
004520
000194
002565
000968
000217
001571
002848
003796
004628
004463
000516
000865
003962
000591
002598
004658
001865
001851
002299
001004
000407
002323
003127
001313
003809
003514
002723
001762
002897
001818
003358
000902
003695
004652
003029
001648
001872
000795
001110
004167
000876
003164
001344
004016
004571
003308
000542
001210
000294
003413
002930
001895
003396
002382
002369
003627
002976
000476
002058
001781
000700
001139
002774
000713
001783
002441
001799
001784
001556
001896
002031
001719
004750
003529
001637
002449
004736
004387
001049
004322
003240
003251
003697
001842
003125
003557
004093
003433
001435
001897
004366
004131
000143
001484
004699
001403
000066
000410
004616
000411
001832
001080
000753
002671
003938
002802
004325
002330
004231
002479
002808
000368
001562
001109
000300
002630
002806
003998
000134
000101
003758
000560
002830
003761
002855
003959
001658
004765
001735
004272
001932
003902
003611
000666
003975
002943
004435
000024
002400
002318
001007
000413
003799
004519
001938
000389
004551
003899
003278
004770
003148
002277
000303
002801
001636
002264
004645
003355
004660
001623
002243
000586
002104
003948
000404
003474
004731
004326
002561
002660
004165
004381
000598
003516
001802
003666
000737
001643
002354
002749
003156
002074
002133
004775
001296
000429
002586
003150
001852
002927
004191
000508
003801
004002
001830
002798
001711
003954
000578
002387
002787
000485
003496
003982
001930
003111
000211
001748
003462
000867
000498
002429
000206
004234
001367
003087
003307
002888
002337
002081
003603
004782
001301
000137
002409
003362
000663
000717
004364
003361
001955
000760
000126
002538
000292
000972
004055
000335
004589
000479
003580
004543
004575
003174
000359
004672
002898
004281
002912
003717
002983
004599
000162
002881
004701
001686
003559
003491
002585
004337
001308
000149
000502
002609
001547
001576
004566
001273
000267
000423
002499
004409
000151
001084
001505
002086
001287
003488
002813
001926
000607
002676
000900
004392
003953
003631
000543
003518
001321
000525
003248
003741
002773
002032
001605
002919
001731
001333
001621
000045
001529
000438
004086
000346
001300
004345
004633
001923
004332
000061
001105
004020
000962
000923
000298
001167
004448
004384
003124
001738
004399
004010
003810
004229
001241
000468
002407
000435
001491
001135
004685
004067
004019
004597
004365
004123
002595
001493
001024
003790
004324
003734
002070
004372
002319
001751
003276
000360
000716
003335
002018
001409
001478
000032
001800
001960
001014
003823
004321
001413
001374
001319
000004
000938
004018
000489
003265
004425
003011
001849
000161
002762
001050
002483
001978
002357
002251
004690
004620
002219
002880
002521
002859
000846
003435
002884
004113
001770
003138
000265
004198
000806
004340
003173
000792
003903
002729
002432
001989
002781
001033
002577
001390
000326
003334
002002
000807
004549
000440
000198
000794
000998
004177
000461
004142
003118
000549
004222
003476
002134
000051
000318
002666
000229
003285
004300
003620
004604
000891
000245
003656
002847
002138
003440
004052
002625
003955
002587
002360
000765
004552
004771
000554
004769
002617
004099
003819
001909
002624
003349
000164
003774
000839
000182
001739
001262
002435
001942
001983
000626
004451
004776
002089
001615
002310
001629
003633
003581
002212
000524
001441
000703
003226
002116
004172
001074
002946
003920
003132
001625
001214
000055
003393
001519
004474
001612
004389
001570
002534
001401
002030
003392
003782
000260
003416
003181
003283
004600
002383
000362
000534
002618
000412
003694
000698
004761
001425
004031
000866
000609
004469
004727
001438
003634
002327
004429
004505
000906
002783
004564
001236
002343
001388
000353
001131
002093
003859
001185
000060
001058
002221
002107
004000
003771
001550
001835
003495
003659
002375
002023
001944
000887
004665
003779
003247
000517
004678
003017
004513
001697
000789
004158
003610
002672
003935
000367
004458
001791
003946
001531
000732
001492
001336
003378
001532
002401
003900
000624
003384
003995
003869
004691
003781
000340
002980
002054
004045
004436
002818
003622
001669
003401
000845
002837
000015
001804
002758
004282
000249
003001
003246
002633
002396
004214
002911
000242
003313
001969
003200
000308
003167
002628
004027
002893
002520
002046
003756
003027
004062
004227
002584
001387
004348
002941
002201
001553
000907
000511
001757
000284
001010
003569
003419
002689
001948
002247
003683
001916
004059
001827
004637
002470
003676
003445
000782
001732
003834
000816
001445
001259
002765
004383
001863
003711
004360
004068
004735
004612
002913
000784
002332
000215
003594
004109
000550
000496
001170
001428
001652
002776
002510
003211
003370
002975
002833
004411
000940
004641
004174
003171
003861
003046
002473
003312
003063
002873
002834
000964
001475
002835
004397
004662
003406
000721
003107
003186
000067
002607
003158
003049
000383
002161
002010
001188
001243
002109
002339
003926
000531
002883
004361
003866
000177
004237
001518
002692
004368
003094
002959
000181
000464
000338
002011
001583
001649
001442
001349
003588
001085
000571
004157
001831
000665
002071
002001
004586
002857
004320
001232
001106
003929
003210
000053
003109
000042
004331
001107
002809
003207
004353
001091
003646
003397
000832
004103
002188
002778
000996
002849
000054
001468
003289
001886
003449
003623
003910
003912
002646
003533
000219
001038
004279
000274
003456
002917
003266
002159
004679
003873
003730
000327
001819
003911
002478
002356
003689
000285
003048
002493
002567
004354
002754
000460
002509
004323
001560
003919
001961
002864
002573
003142
003672
000775
004510
004178
001905
002822
001248
004363
002080
002276
004302
003927
004712
003992
004542
000743
001066
001538
004635
000221
001582
004467
003021
003380
001850
001089
001870
001065
001494
000156
000910
002041
002736
003219
002542
003977
003236
002455
001151
001927
001043
004047
001499
000222
001184
000638
002548
001600
003705
002651
001564
003519
000645
001721
000175
000735
000612
002334
002490
001290
000533
003448
000635
002273
003374
003400
001275
002937
004005
002101
003993
000992
000915
003408
003016
003463
004273
003832
000551
000459
000180
002695
002430
001088
002921
003936
004623
000912
002346
001515
000868
002638
004294
000942
003041
001956
001646
003587
004536
003681
000495
000366
000728
000189
001747
004259
002615
004565
002507
002719
000613
004182
002874
000141
003172
001464
002525
001972
003857
002725
002193
000699
004707
001910
004622
003750
001212
003636
003696
003744
001195
004204
000392
003249
003865
001055
002732
001389
000184
000431
002674
000345
002442
002231
004200
002471
002050
004432
002812
003446
000526
000268
001282
003478
002481
001386
002484
004012
000437
000939
002363
000187
000935
001968
003542
004226
002364
001812
001418
003189
004664
003258
000332
004267
002203
001591
003555
001688
001597
003662
001318
000385
000661
000386
004609
001008
003067
001355
004327
002990
002019
001407
003654
001476
000068
004213
002531
001005
003402
003437
000195
002317
003501
000443
003319
002600
002554
000001
001680
000012
000228
002272
004562
004408
003235
004334
004720
003315
001720
000442
000606
001704
004692
003074
001638
000632
000870
002177
000889
002384
001093
003188
000631
003816
000241
003976
003277
001198
000122
001888
003644
002790
002832
000271
003105
002894
002721
001941
001443
003043
001269
002731
001708
002419
003625
003464
000196
001712
000755
003261
002687
004752
001958
002099
003871
002836
003097
003136
004032
001149
002678
004066
003965
001453
002220
000364
001326
002079
000420
001097
002225
002226
000472
004003
003538
002020
001507
003360
002950
001639
004236
004357
001398
002876
000999
000027
002452
002599
004161
001342
003006
001730
003323
003420
000814
002878
004431
001460
001040
004402
003318
000063
001975
002077
004546
003598
002860
004530
001019
001252
002682
003632
003619
002734
002844
003916
004760
004238
003507
003906
001705
004629
003262
001118
001689
004125
000514
003121
001031
001150
004373
003100
003667
002348
001123
001426
002278
001288
001671
001363
003884
004778
001569
000987
003086
002331
001069
001931
002367
003095
001545
004500
004221
004538
000467
002329
001406
003968
001041
001376
002290
000572
002154
003206
004263
003515
003843
002252
001843
002591
003490
001322
001160
003329
000892
001291
003722
000029
001057
002042
004711
002890
004531
000565
003736
002438
003966
004506
000250
004255
001635
000214
001271
004697
003760
000838
003372
000630
001268
001011
002192
004646
002935
000188
003943
002852
002410
002717
000540
003575
000568
002308
002947
004124
001844
003797
000557
000813
001949
003056
001063
002771
004475
001483
002132
000730
003915
000077
002336
002194
003470
004277
002746
001125
001034
002529
004159
001477
000478
004445
000928
000425
001144
003104
001936
000823
002611
004618
004024
003941
004046
003892
004433
002260
002033
004011
002303
004197
001826
001917
000416
000967
002744
003907
002843
002782
003630
000481
001297
001806
000169
004317
000530
001655
001083
002341
003891
003256
004153
004260
001222
000636
004394
004726
001650
003120
001663
000073
000984
000257
002005
001115
003157
002496
001451
000310
000424
003143
004329
002524
001841
002960
002312
003956
004305
003399
002038
003812
003141
004309
003715
001672
000936
002113
002417
001373
001242
003469
000445
001365
003255
000727
003432
002948
004422
002255
001574
003024
003302
004439
001772
000707
004286
004038
004702
000908
002991
002183
004756
004017
003811
000172
000331
000499
001467
003757
001482
004314
003269
001498
003794
000125
003570
002904
000776
003051
001947
002027
001980
003550
002979
004223
000309
004762
001246
000044
003083
004051
000119
004188
004120
001182
004777
002889
004649
001450
000820
002588
002335
001858
001397
002447
003317
003803
001244
000110
002530
001701
004654
001673
003740
002761
002423
000710
000873
001642
002546
002929
001274
004449
003793
002378
000157
000205
004684
003509
000617
003268
004471
001181
003197
000857
003369
001203
002155
004289
002059
002853
002250
003558
000914
003018
004082
004524
004768
004285
001801
001006
003346
004218
001158
003373